# hades.models.Design file
#  
[name] unnamed
[components]
hades.models.io.Ipin i6 13800 3000 @N 1001 null U
hades.models.rtlib.io.Expander i5 23400 12600 @N 1001 2 1.0E-8
hades.models.rtlib.io.MergeBits i4 20400 15600 @N 1001 4 1.0E-8
hades.models.io.Constant0 i3 19200 12600 @N 1001
hades.models.io.Ipin i2 7200 2400 @N 1001 null U
hades.models.rtlib.memory.RegBank i1 9600 7200 @N 1001 8 8
hades.models.rtlib.arith.UserDefinedALU i0 19800 8400 @N 1001 8 1.0E-8 16 9 12 15 16 0 0 0 0 0 0 0 0 0 0 0 0
hades.models.Design controleMicro 15600 1800 @N 1001 C:/Users/Gabriel/Documents/1ENGENHARIA\u0020DA\u0020COMPUTA\u00c7\u00c3O/4\u0020Periodo/AOC/Micro_Hades/controleMicro.hds
[end components]
[signals]
hades.signals.SignalStdLogic1164 n7 1 i1 nWE 4 2 21000 2400 21000 1200 2 21000 1200 8400 1200 2 8400 1200 8400 9600 2 8400 9600 9600 9600 0 
hades.signals.SignalStdLogicVector n6 8 2 i1 DX i0 A 5 2 14400 13200 14400 14400 2 14400 14400 17400 14400 2 17400 14400 17400 7800 2 17400 7800 21000 7800 2 21000 7800 21000 8400 0 
hades.signals.SignalStdLogic1164 n5 2 i5 Y0 i4 A0 3 2 22800 15600 22800 15000 2 22800 15000 24600 15000 2 24600 15000 24600 13800 0 
hades.signals.SignalStdLogic1164 n4 2 i5 Y1 i4 A1 3 2 24000 13800 24000 14400 2 24000 14400 22200 14400 2 22200 14400 22200 15600 0 
hades.signals.SignalStdLogicVector n3 2 1 i5 A 3 2 25200 3600 25200 11400 2 25200 11400 24000 11400 2 24000 11400 24000 12600 0 
hades.signals.SignalStdLogic1164 n2 3 i3 Y i4 A3 i4 A2 4 2 20400 13200 21000 13200 2 21000 13200 21000 15600 2 21000 13200 21600 13200 2 21600 13200 21600 15600 1 21000 13200 
hades.signals.SignalStdLogicVector n1 3 1 i1 AY 4 2 22800 4200 22800 6000 2 22800 6000 6000 6000 2 6000 6000 6000 10800 2 6000 10800 9600 10800 0 
hades.signals.SignalStdLogicVector n13 8 2 i0 Y i1 DZ 4 2 22200 10800 22200 12000 2 22200 12000 28200 12000 2 28200 12000 28200 7200 2 28200 7200 14400 7200 0 
hades.signals.SignalStdLogicVector n0 3 1 i1 AX 4 2 21600 4800 21600 6600 2 21600 6600 7200 6600 2 7200 6600 7200 10200 2 7200 10200 9600 10200 0 
hades.signals.SignalStdLogicVector n12 3 1 i1 AZ 4 2 21600 3000 21600 1800 2 21600 1800 4800 1800 2 4800 1800 4800 11400 2 4800 11400 9600 11400 0 
hades.signals.SignalStdLogicVector n11 4 2 i4 Y i0 OPC 4 2 21000 16800 21000 17400 2 21000 17400 18600 17400 2 18600 17400 18600 9600 2 18600 9600 19800 9600 0 
hades.signals.SignalStdLogicVector n10 8 2 i1 DY i0 B 4 2 12000 13200 12000 15000 2 12000 15000 18000 15000 2 18000 15000 18000 8400 2 18000 8400 23400 8400 0 
[end signals]
[end]
